Iter time[s] StartNode BestAntTrav BestAntCalc BestAntOpt BestAntPass BestPathIt BestPathTime BestPathTrav BestPathCalc BestPathOpt BestPathPass PassNumber NodePheroMin NodePheroMax NodePheroRatio CarPheroMin CarPheroMax CarPheroRatio Stall
0 0.506139 0 8645 8645 -1 -1 0 0.506139 8645 8645 -1 -1 0 1 10000 10000 1 10000 10000 
1 1.03023 0 8574 8574 -1 -1 1 1.03023 8574 8574 -1 -1 0 0.000111214 0.000578369 0.19229 0.000246128 0.000771159 0.319166 
2 1.60337 0 8460 8460 -1 -1 2 1.60337 8460 8460 -1 -1 0 0.000115438 0.000583158 0.197953 0.00023948 0.000777544 0.307995 
3 2.17444 0 8649 8649 -1 -1 2 1.60337 8460 8460 -1 -1 0 0.000115438 0.000583158 0.197953 0.00023948 0.000777544 0.307995 
4 2.7476 0 8552 8552 -1 -1 2 1.60337 8460 8460 -1 -1 0 0.000115438 0.000583158 0.197953 0.00023948 0.000777544 0.307995 
5 3.31718 0 8622 8622 -1 -1 2 1.60337 8460 8460 -1 -1 0 0.000115438 0.000583158 0.197953 0.00023948 0.000777544 0.307995 
6 3.8956 0 8676 8676 -1 -1 2 1.60337 8460 8460 -1 -1 0 0.000115438 0.000583158 0.197953 0.00023948 0.000777544 0.307995 
7 4.47131 0 8049 8049 -1 -1 7 4.47131 8049 8049 -1 -1 0 0.000117559 0.000591017 0.19891 0.000255379 0.000788022 0.324076 
8 5.05008 0 8090 8090 -1 -1 7 4.47131 8049 8049 -1 -1 0 0.000117559 0.000591017 0.19891 0.000255379 0.000788022 0.324076 
9 5.63186 0 7509 7509 -1 -1 9 5.63186 7509 7509 -1 -1 0 9.90822e-05 0.000621195 0.159503 0.000224109 0.00082826 0.270578 
10 6.21315 0 8065 8065 -1 -1 9 5.63186 7509 7509 -1 -1 0 9.90822e-05 0.000621195 0.159503 0.000224109 0.00082826 0.270578 
11 6.8013 0 7294 7294 -1 -1 11 6.8013 7294 7294 -1 -1 0 8.63213e-05 0.000665868 0.129637 0.000159867 0.000887823 0.180066 
12 7.39164 0 7148 7148 -1 -1 12 7.39164 7148 7148 -1 -1 0 8.59955e-05 0.000685495 0.12545 0.000140392 0.000913993 0.153603 
13 8.01138 0 6792 6792 -1 -1 13 8.01138 6792 6792 -1 -1 0 8.13536e-05 0.000699496 0.116303 7.65434e-05 0.000932662 0.0820698 
14 8.62633 0 6388 6388 -1 -1 14 8.62633 6388 6388 -1 -1 0 9.18336e-05 0.00073616 0.124747 9.08259e-05 0.000981547 0.0925334 
15 9.24611 0 6624 6624 -1 -1 14 8.62633 6388 6388 -1 -1 0 9.18336e-05 0.00073616 0.124747 9.08259e-05 0.000981547 0.0925334 
16 9.86166 0 6506 6506 -1 -1 14 8.62633 6388 6388 -1 -1 0 9.18336e-05 0.00073616 0.124747 9.08259e-05 0.000981547 0.0925334 
17 10.4808 0 6554 6554 -1 -1 14 8.62633 6388 6388 -1 -1 0 9.18336e-05 0.00073616 0.124747 9.08259e-05 0.000981547 0.0925334 
18 11.1009 0 6546 6546 -1 -1 14 8.62633 6388 6388 -1 -1 0 9.18336e-05 0.00073616 0.124747 9.08259e-05 0.000981547 0.0925334 
19 11.7299 0 6556 6556 -1 -1 14 8.62633 6388 6388 -1 -1 0 9.18336e-05 0.00073616 0.124747 9.08259e-05 0.000981547 0.0925334 
20 12.3661 0 6565 6565 -1 -1 14 8.62633 6388 6388 -1 -1 0 9.18336e-05 0.00073616 0.124747 9.08259e-05 0.000981547 0.0925334 
21 13.0092 0 6583 6583 -1 -1 14 8.62633 6388 6388 -1 -1 0 9.18336e-05 0.00073616 0.124747 9.08259e-05 0.000981547 0.0925334 
22 13.6446 0 6760 6760 -1 -1 14 8.62633 6388 6388 -1 -1 0 9.18336e-05 0.00073616 0.124747 9.08259e-05 0.000981547 0.0925334 
23 14.2813 0 6189 6189 -1 -1 23 14.2813 6189 6189 -1 -1 0 5.93259e-05 0.000782718 0.0757947 5.12397e-05 0.00104362 0.0490979 
24 14.9235 0 6365 6365 -1 -1 23 14.2813 6189 6189 -1 -1 0 5.93259e-05 0.000782718 0.0757947 5.12397e-05 0.00104362 0.0490979 
25 15.5785 0 6185 6185 -1 -1 25 15.5785 6185 6185 -1 -1 0 4.97917e-05 0.000807885 0.0616321 1.95831e-05 0.00107718 0.0181799 
26 16.2367 0 6018 6018 -1 -1 26 16.2367 6018 6018 -1 -1 0 4.9421e-05 0.000808407 0.0611337 3.19545e-05 0.00107788 0.0296458 
27 16.9018 0 6054 6054 -1 -1 26 16.2367 6018 6018 -1 -1 0 4.9421e-05 0.000808407 0.0611337 3.19545e-05 0.00107788 0.0296458 
28 17.5609 0 6142 6142 -1 -1 26 16.2367 6018 6018 -1 -1 0 4.9421e-05 0.000808407 0.0611337 3.19545e-05 0.00107788 0.0296458 
29 18.2199 0 5745 5745 -1 -1 29 18.2199 5745 5745 -1 -1 0 3.50135e-05 0.000830841 0.0421422 4.51383e-05 0.00110779 0.0407464 
30 18.8794 0 5836 5836 -1 -1 29 18.2199 5745 5745 -1 -1 0 3.50135e-05 0.000830841 0.0421422 4.51383e-05 0.00110779 0.0407464 
31 19.5411 0 5717 5717 -1 -1 31 19.5411 5717 5717 -1 -1 0 3.0491e-05 0.000870322 0.0350342 2.41089e-05 0.00116043 0.0207758 
32 20.2053 0 5693 5693 -1 -1 32 20.2053 5693 5693 -1 -1 0 2.12845e-05 0.000874585 0.0243367 4.43761e-05 0.00116611 0.0380548 
33 20.8791 0 5711 5711 -1 -1 32 20.2053 5693 5693 -1 -1 0 2.12845e-05 0.000874585 0.0243367 4.43761e-05 0.00116611 0.0380548 
34 21.5602 0 5642 5642 -1 -1 34 21.5602 5642 5642 -1 -1 0 1.18661e-05 0.000878272 0.0135108 1.05805e-05 0.00117103 0.00903519 
35 22.252 0 5641 5641 -1 -1 35 22.252 5641 5641 -1 -1 0 7.26934e-06 0.000886211 0.00820272 1.5456e-05 0.00118161 0.0130804 
36 22.9589 0 5616 5616 -1 -1 36 22.9589 5616 5616 -1 -1 0 6.86361e-06 0.000886368 0.00774352 3.3779e-06 0.00118182 0.00285821 
37 23.6614 0 5605 5605 -1 -1 37 23.6614 5605 5605 -1 -1 0 4.38257e-06 0.000890313 0.0049225 1.14707e-05 0.00118708 0.00966294 
38 24.3586 0 5603 5603 -1 -1 38 24.3586 5603 5603 -1 -1 0 5.44352e-06 0.000892061 0.00610218 7.29302e-06 0.00118941 0.00613161 
39 25.0596 0 5602 5602 -1 -1 39 25.0596 5602 5602 -1 -1 0 1.13428e-06 0.000892379 0.00127107 4.56875e-06 0.00118984 0.00383981 
